1773052632523 0.0 22
1773052632650 1.0 45
1773052632687 2.0 49
1773052632794 2.0 68
1773052632934 3.0 91
1773052632980 4.0 99
1773052633066 4.0 114
1773052633211 5.0 137
1773052633285 6.0 149
1773052633354 6.0 160
1773052633495 7.0 183
1773052633580 8.0 199
1773052633645 8.0 206
1773052633815 9.0 229
1773052633928 10.0 249
1773052633993 10.0 252
1773052634143 11.0 275
1773052634299 12.0 298
1773052634319 13.0 299
1773052634449 13.0 321
1773052636486 14.0 322
1773052687065 0.0 22
1773052687206 1.0 45
1773052687233 2.0 49
1773052687355 2.0 68
1773052687510 3.0 91
1773052687556 4.0 99
1773052687658 4.0 114
1773052687801 5.0 137
