1773052570529 0.0 22
1773052570673 1.0 45
1773052570707 2.0 49
1773052570821 2.0 68
1773052570972 3.0 91
1773052571021 4.0 99
1773052571142 4.0 114
1773052571288 5.0 137
1773052571369 6.0 149
1773052571452 6.0 160
1773052571605 7.0 183
1773052571708 8.0 199
1773052571783 8.0 206
1773052571952 9.0 229
1773052572076 10.0 249
1773052572117 10.0 252
1773052572267 11.0 275
1773052572427 12.0 298
1773052572439 13.0 299
1773052572581 13.0 321
1773052574518 14.0 322
1773052619928 0.0 22
1773052620081 1.0 45
1773052620106 2.0 49
1773052620231 2.0 68
1773052628467 0.0 22
1773052628618 1.0 45
1773052628644 2.0 49
1773052628773 2.0 68
1773052628919 3.0 91
1773052628961 4.0 99
1773052629066 4.0 114
1773052629233 5.0 137
1773052629292 6.0 149
1773052629382 6.0 160
1773052629530 7.0 183
