1773051663823 0.0 22
1773051663983 1.0 45
1773051664013 2.0 49
1773051664130 2.0 68
1773051664277 3.0 91
1773051664318 4.0 99
1773051664416 4.0 114
1773051664551 5.0 137
1773051664612 6.0 149
1773051664691 6.0 160
1773051664842 7.0 183
1773051664926 8.0 199
1773051664980 8.0 206
1773051665126 9.0 229
1773051665242 10.0 249
1773051665277 10.0 252
1773051665417 11.0 275
1773051665577 12.0 298
1773051665590 13.0 299
1773051665732 13.0 321
1773051665886 14.0 344
1773051665914 15.0 349
1773051666034 15.0 367
1773051666191 16.0 390
1773051666253 17.0 399
1773051666347 17.0 413
1773051666491 18.0 436
1773051666559 19.0 449
1773051666650 19.0 459
1773051666801 20.0 482
1773051666900 21.0 499
1773051666959 21.0 505
1773051667106 22.0 528
1773051667218 23.0 549
1773051667254 23.0 551
1773051667410 24.0 574
1773051667555 25.0 597
1773051667571 26.0 599
1773051667699 26.0 620
1773051667871 27.0 643
1773051667916 28.0 649
1773051668027 28.0 666
1773051668173 29.0 689
1773051668234 30.0 699
1773051668328 30.0 712
1773051668470 31.0 735
1773051668546 32.0 749
1773051668623 32.0 758
1773051668833 33.0 781
1773051668947 34.0 799
1773051669009 34.0 804
1773051669158 35.0 827
1773051669284 36.0 849
1773051669323 36.0 850
1773051669483 37.0 873
1773051669624 38.0 896
1773051669648 39.0 899
1773051669772 39.0 919
1773051669916 40.0 942
1773051669955 41.0 949
1773051670059 41.0 965
1773051670220 42.0 988
1773051670291 43.0 999
1773051670387 43.0 1011
1773051670561 44.0 1034
1773051670639 45.0 1049
1773051670711 45.0 1057
1773051670870 46.0 1080
1773051670983 47.0 1099
1773051671023 47.0 1103
1773051671192 48.0 1126
1773051671338 49.0 1149
1773051671359 49.0 1149
1773051671518 50.0 1172
1773051671676 51.0 1195
1773051671701 52.0 1199
1773051671823 52.0 1218
1773051671960 53.0 1241
1773051672018 54.0 1249
1773051672108 54.0 1264
1773051672248 55.0 1287
1773051672308 56.0 1299
1773051672394 56.0 1310
1773051672538 57.0 1333
1773051672633 58.0 1349
1773051672689 58.0 1356
1773051672847 59.0 1379
1773051672952 60.0 1399
1773051672988 60.0 1402
1773051673139 61.0 1425
1773051673286 62.0 1448
1773051673300 63.0 1449
1773051673466 63.0 1471
1773051673625 64.0 1494
1773051673658 65.0 1499
1773051673774 65.0 1517
1773051673914 66.0 1540
1773051673969 67.0 1549
1773051674066 67.0 1563
1773051674229 68.0 1586
1773051674294 69.0 1599
1773051674374 69.0 1609
1773051674508 70.0 1632
1773051674611 71.0 1649
1773051674684 71.0 1655
1773051674864 72.0 1678
1773051675012 73.0 1699
1773051675043 73.0 1701
1773051675206 74.0 1724
1773051675382 75.0 1747
1773051675397 76.0 1749
1773051675521 76.0 1770
1773051675670 77.0 1793
1773051675717 78.0 1799
1773051675839 78.0 1816
1773051675985 79.0 1839
1773051676037 80.0 1849
1773051676126 80.0 1862
1773051676289 81.0 1885
1773051676370 82.0 1899
1773051676443 82.0 1908
1773051676595 83.0 1931
1773051676691 84.0 1949
1773051676753 84.0 1954
1773051676901 85.0 1977
1773051677037 86.0 1999
1773051677068 86.0 2000
1773051677215 87.0 2023
1773051677384 88.0 2046
1773051677412 89.0 2049
1773051677549 89.0 2069
1773051677691 90.0 2092
1773051677737 91.0 2099
1773051677853 91.0 2115
1773051678006 92.0 2138
1773051678075 93.0 2149
1773051678173 93.0 2161
1773051678316 94.0 2184
1773051678399 95.0 2199
1773051678467 95.0 2207
1773051678603 96.0 2230
1773051678700 97.0 2249
1773051678738 97.0 2253
1773051678891 98.0 2276
1773051678997 99.0 2299
1773051679023 99.0 2299
1773051690144 100.0 2300
