1773051664013 0.84375 49
1773051664318 0.78125 99
1773051664612 0.8125 149
1773051664926 0.8125 199
1773051665242 0.8125 249
1773051665590 0.84375 299
1773051665914 0.71875 349
1773051666253 0.8125 399
1773051666559 0.625 449
1773051666900 0.71875 499
1773051667218 0.71875 549
1773051667571 0.6875 599
1773051667916 0.8125 649
1773051668234 0.90625 699
1773051668546 0.875 749
1773051668947 0.78125 799
1773051669284 0.75 849
1773051669648 0.84375 899
1773051669955 0.625 949
1773051670291 0.90625 999
1773051670639 0.90625 1049
1773051670983 0.6875 1099
1773051671338 0.75 1149
1773051671701 0.90625 1199
1773051672018 0.875 1249
1773051672308 0.84375 1299
1773051672633 0.8125 1349
1773051672952 0.84375 1399
1773051673300 0.84375 1449
1773051673658 0.84375 1499
1773051673969 0.9375 1549
1773051674294 0.875 1599
1773051674611 0.84375 1649
1773051675012 0.75 1699
1773051675397 0.9375 1749
1773051675717 0.75 1799
1773051676037 0.75 1849
1773051676370 0.78125 1899
1773051676691 0.90625 1949
1773051677037 0.71875 1999
1773051677412 0.84375 2049
1773051677737 0.8125 2099
1773051678075 0.84375 2149
1773051678399 0.84375 2199
1773051678700 0.8125 2249
1773051678997 1.0 2299
