1773051664013 0.509005069732666 49
1773051664318 0.5124830007553101 99
1773051664612 0.41738295555114746 149
1773051664926 0.42051011323928833 199
1773051665242 0.4519238770008087 249
1773051665590 0.4675700068473816 299
1773051665914 0.6879516243934631 349
1773051666253 0.44756069779396057 399
1773051666559 0.696157693862915 449
1773051666900 0.5810406804084778 499
1773051667218 0.5925448536872864 549
1773051667571 0.5596233606338501 599
1773051667916 0.41428321599960327 649
1773051668234 0.36925214529037476 699
1773051668546 0.3125053942203522 749
1773051668947 0.5560570955276489 799
1773051669284 0.5019189715385437 849
1773051669648 0.32771527767181396 899
1773051669955 0.7673389911651611 949
1773051670291 0.23569118976593018 999
1773051670639 0.26097944378852844 1049
1773051670983 0.5842709541320801 1099
1773051671338 0.5915921330451965 1149
1773051671701 0.30549848079681396 1199
1773051672018 0.3475053906440735 1249
1773051672308 0.376340389251709 1299
1773051672633 0.42808353900909424 1349
1773051672952 0.41001516580581665 1399
1773051673300 0.37851274013519287 1449
1773051673658 0.3490825295448303 1499
1773051673969 0.23852866888046265 1549
1773051674294 0.38965457677841187 1599
1773051674611 0.4243675470352173 1649
1773051675012 0.44805091619491577 1699
1773051675397 0.21002185344696045 1749
1773051675717 0.6066995859146118 1799
1773051676037 0.5564880967140198 1849
1773051676370 0.40576404333114624 1899
1773051676691 0.3251822292804718 1949
1773051677037 0.4029000997543335 1999
1773051677412 0.3934608995914459 2049
1773051677737 0.5586241483688354 2099
1773051678075 0.3789929151535034 2149
1773051678399 0.3069295883178711 2199
1773051678700 0.46029332280158997 2249
1773051678997 0.13215452432632446 2299
