1773052089493 0.0 22
1773052089650 1.0 45
1773052089680 2.0 49
1773052089799 2.0 68
1773052089943 3.0 91
1773052089988 4.0 99
1773052090092 4.0 114
1773052090231 5.0 137
1773052090300 6.0 149
1773052090379 6.0 160
1773052090521 7.0 183
1773052090627 8.0 199
1773052090682 8.0 206
1773052090824 9.0 229
1773052090939 10.0 249
1773052090971 10.0 252
1773052091119 11.0 275
1773052091266 12.0 298
1773052091276 13.0 299
1773052091405 13.0 321
1773052091544 14.0 344
1773052091574 15.0 349
1773052091703 15.0 367
1773052091865 16.0 390
1773052091912 17.0 399
1773052092022 17.0 413
1773052092167 18.0 436
1773052092247 19.0 449
1773052092318 19.0 459
1773052092470 20.0 482
1773052092555 21.0 499
1773052092612 21.0 505
1773052092776 22.0 528
1773052092882 23.0 549
1773052092913 23.0 551
1773052093053 24.0 574
1773052093212 25.0 597
1773052093237 26.0 599
1773052093382 26.0 620
1773052093515 27.0 643
1773052093549 28.0 649
1773052093664 28.0 666
1773052093810 29.0 689
1773052093865 30.0 699
1773052093943 30.0 712
1773052094080 31.0 735
1773052094148 32.0 749
1773052094212 32.0 758
1773052094350 33.0 781
1773052094448 34.0 799
1773052094491 34.0 804
1773052094622 35.0 827
1773052094737 36.0 849
1773052094766 36.0 850
1773052094922 37.0 873
1773052095061 38.0 896
1773052095081 39.0 899
1773052095204 39.0 919
1773052095341 40.0 942
1773052095386 41.0 949
1773052095500 41.0 965
1773052095640 42.0 988
1773052095707 43.0 999
1773052095803 43.0 1011
1773052095940 44.0 1034
1773052096012 45.0 1049
1773052096076 45.0 1057
1773052096218 46.0 1080
1773052096308 47.0 1099
1773052096348 47.0 1103
1773052096500 48.0 1126
1773052096631 49.0 1149
1773052096653 49.0 1149
1773052096798 50.0 1172
1773052096937 51.0 1195
1773052096963 52.0 1199
1773052097101 52.0 1218
1773052097249 53.0 1241
1773052097293 54.0 1249
1773052097413 54.0 1264
1773052097550 55.0 1287
1773052097625 56.0 1299
1773052097704 56.0 1310
1773052097858 57.0 1333
1773052097942 58.0 1349
1773052097994 58.0 1356
1773052098155 59.0 1379
1773052098255 60.0 1399
1773052098289 60.0 1402
1773052098432 61.0 1425
1773052098608 62.0 1448
1773052098620 63.0 1449
1773052098768 63.0 1471
1773052098908 64.0 1494
1773052098957 65.0 1499
1773052099078 65.0 1517
1773052099225 66.0 1540
1773052099269 67.0 1549
1773052099377 67.0 1563
1773052099551 68.0 1586
1773052099618 69.0 1599
1773052099704 69.0 1609
1773052099858 70.0 1632
1773052099957 71.0 1649
1773052100001 71.0 1655
1773052100160 72.0 1678
1773052100291 73.0 1699
1773052100320 73.0 1701
1773052100454 74.0 1724
1773052100600 75.0 1747
1773052100615 76.0 1749
1773052100743 76.0 1770
1773052100895 77.0 1793
1773052100930 78.0 1799
1773052101045 78.0 1816
1773052101203 79.0 1839
1773052101260 80.0 1849
1773052101349 80.0 1862
1773052101503 81.0 1885
1773052101580 82.0 1899
1773052101638 82.0 1908
1773052101784 83.0 1931
1773052101880 84.0 1949
1773052101928 84.0 1954
1773052102068 85.0 1977
1773052102185 86.0 1999
1773052102221 86.0 2000
1773052102365 87.0 2023
1773052102507 88.0 2046
1773052102530 89.0 2049
1773052102665 89.0 2069
1773052102821 90.0 2092
1773052102859 91.0 2099
1773052102975 91.0 2115
1773052103132 92.0 2138
1773052103187 93.0 2149
1773052103280 93.0 2161
1773052103450 94.0 2184
1773052103527 95.0 2199
1773052103593 95.0 2207
1773052103741 96.0 2230
1773052103843 97.0 2249
1773052103898 97.0 2253
1773052104055 98.0 2276
1773052104190 99.0 2299
1773052104211 99.0 2299
1773052115565 100.0 2300
1773052564162 0.0 22
1773052564318 1.0 45
1773052564342 2.0 49
1773052564459 2.0 68
1773052564620 3.0 91
1773052564666 4.0 99
1773052564766 4.0 114
1773052564904 5.0 137
1773052564984 6.0 149
1773052565057 6.0 160
1773052565207 7.0 183
1773052565291 8.0 199
1773052565364 8.0 206
1773052565508 9.0 229
1773052565617 10.0 249
1773052565653 10.0 252
