1773052089680 0.5527080297470093 49
1773052089988 0.34863778948783875 99
1773052090300 0.4212403893470764 149
1773052090627 0.3824629783630371 199
1773052090939 0.3874812722206116 249
1773052091276 0.28024017810821533 299
1773052091574 0.42624038457870483 349
1773052091912 0.3608262538909912 399
1773052092247 0.5156848430633545 449
1773052092555 0.5597761273384094 499
1773052092882 0.2942476272583008 549
1773052093237 0.3118562698364258 599
1773052093549 0.45634156465530396 649
1773052093865 0.3367183208465576 699
1773052094148 0.3136026859283447 749
1773052094448 0.5826627612113953 799
1773052094737 0.2923094630241394 849
1773052095081 0.38293132185935974 899
1773052095386 0.2679223418235779 949
1773052095707 0.29035186767578125 999
1773052096012 0.41629907488822937 1049
1773052096308 0.3946768343448639 1099
1773052096631 0.4140911400318146 1149
1773052096963 0.3316119611263275 1199
1773052097293 0.5301599502563477 1249
1773052097625 0.5256972312927246 1299
1773052097942 0.4673241376876831 1349
1773052098255 0.5093967914581299 1399
1773052098620 0.4081672430038452 1449
1773052098957 0.3805002272129059 1499
1773052099269 0.41450169682502747 1549
1773052099618 0.42548948526382446 1599
1773052099957 0.403322696685791 1649
1773052100291 0.2843638062477112 1699
1773052100615 0.3536841869354248 1749
1773052100930 0.5729500651359558 1799
1773052101260 0.2820761501789093 1849
1773052101580 0.40968671441078186 1899
1773052101880 0.5404470562934875 1949
1773052102185 0.3779420256614685 1999
1773052102530 0.36128225922584534 2049
1773052102859 0.3195682764053345 2099
1773052103187 0.40557992458343506 2149
1773052103527 0.33469828963279724 2199
1773052103843 0.23791024088859558 2249
1773052104190 0.9678239822387695 2299
1773052564342 0.43173864483833313 49
1773052564666 0.37162917852401733 99
1773052564984 0.5013562440872192 149
1773052565291 0.4463743567466736 199
1773052565617 0.3640202283859253 249
