1773052089680 0.71875 49
1773052089988 0.84375 99
1773052090300 0.78125 149
1773052090627 0.875 199
1773052090939 0.84375 249
1773052091276 0.84375 299
1773052091574 0.84375 349
1773052091912 0.8125 399
1773052092247 0.8125 449
1773052092555 0.625 499
1773052092882 0.8125 549
1773052093237 0.90625 599
1773052093549 0.78125 649
1773052093865 0.8125 699
1773052094148 0.90625 749
1773052094448 0.75 799
1773052094737 0.84375 849
1773052095081 0.78125 899
1773052095386 0.90625 949
1773052095707 0.84375 999
1773052096012 0.84375 1049
1773052096308 0.90625 1099
1773052096631 0.625 1149
1773052096963 0.90625 1199
1773052097293 0.6875 1249
1773052097625 0.71875 1299
1773052097942 0.84375 1349
1773052098255 0.78125 1399
1773052098620 0.875 1449
1773052098957 0.875 1499
1773052099269 0.8125 1549
1773052099618 0.84375 1599
1773052099957 0.8125 1649
1773052100291 0.9375 1699
1773052100615 0.8125 1749
1773052100930 0.75 1799
1773052101260 0.9375 1849
1773052101580 0.875 1899
1773052101880 0.8125 1949
1773052102185 0.78125 1999
1773052102530 0.84375 2049
1773052102859 0.9375 2099
1773052103187 0.875 2149
1773052103527 0.84375 2199
1773052103843 0.96875 2249
1773052104190 0.75 2299
1773052564342 0.8125 49
1773052564666 0.84375 99
1773052564984 0.8125 149
1773052565291 0.78125 199
1773052565617 0.90625 249
